0,0,0.8,0
0.0062992,0.012549,0.8,1
0.012598,0.024998,0.8,2
0.018898,0.037349,0.8,3
0.025197,0.0496,0.8,4
0.031496,0.061752,0.8,5
0.037795,0.073805,0.8,6
0.044094,0.085759,0.8,7
0.050394,0.097613,0.8,8
0.056693,0.10937,0.8,9
0.062992,0.12102,0.8,10
0.069291,0.13258,0.8,11
0.075591,0.14404,0.8,12
0.08189,0.1554,0.8,13
0.088189,0.16666,0.8,14
0.094488,0.17782,0.8,15
0.10079,0.18888,0.8,16
0.10709,0.19984,0.8,17
0.11339,0.2107,0.8,18
0.11969,0.22146,0.8,19
0.12598,0.23213,0.8,20
0.13228,0.24269,0.8,21
0.13858,0.25316,0.8,22
0.14488,0.26353,0.8,23
0.15118,0.27379,0.8,24
0.15748,0.28396,0.8,25
0.16378,0.29403,0.8,26
0.17008,0.304,0.8,27
0.17638,0.31387,0.8,28
0.18268,0.32364,0.8,29
0.18898,0.33331,0.8,30
0.19528,0.34289,0.8,31
0.20157,0.35236,0.8,32
0.20787,0.36173,0.8,33
0.21417,0.37101,0.8,34
0.22047,0.38018,0.8,35
0.22677,0.38926,0.8,36
0.23307,0.39824,0.8,37
0.23937,0.40712,0.8,38
0.24567,0.4159,0.8,39
0.25197,0.42458,0.8,40
0.25827,0.43316,0.8,41
0.26457,0.44164,0.8,42
0.27087,0.45002,0.8,43
0.27717,0.4583,0.8,44
0.28346,0.46649,0.8,45
0.28976,0.47457,0.8,46
0.29606,0.48256,0.8,47
0.30236,0.49045,0.8,48
0.30866,0.49823,0.8,49
0.31496,0.50592,0.8,50
0.32126,0.51351,0.8,51
0.32756,0.521,0.8,52
0.33386,0.52839,0.8,53
0.34016,0.53568,0.8,54
0.34646,0.54287,0.8,55
0.35276,0.54997,0.8,56
0.35906,0.55696,0.8,57
0.36535,0.56385,0.8,58
0.37165,0.57065,0.8,59
0.37795,0.57735,0.8,60
0.38425,0.58394,0.8,61
0.39055,0.59044,0.8,62
0.39685,0.59684,0.8,63
0.40315,0.60314,0.8,64
0.40945,0.60934,0.8,65
0.41575,0.61544,0.8,66
0.42205,0.62144,0.8,67
0.42835,0.62734,0.8,68
0.43465,0.63315,0.8,69
0.44094,0.63885,0.8,70
0.44724,0.64445,0.8,71
0.45354,0.64996,0.8,72
0.45984,0.65537,0.8,73
0.46614,0.66067,0.8,74
0.47244,0.66588,0.8,75
0.47874,0.67099,0.8,76
0.48504,0.676,0.8,77
0.49134,0.68091,0.8,78
0.49764,0.68572,0.8,79
0.50394,0.69043,0.8,80
0.51024,0.69505,0.8,81
0.51654,0.69956,0.8,82
0.52283,0.70397,0.8,83
0.52913,0.70829,0.8,84
0.53543,0.71251,0.8,85
0.54173,0.71662,0.8,86
0.54803,0.72064,0.8,87
0.55433,0.72456,0.8,88
0.56063,0.72838,0.8,89
0.56693,0.7321,0.8,90
0.57323,0.73572,0.8,91
0.57953,0.73924,0.8,92
0.58583,0.74266,0.8,93
0.59213,0.74599,0.8,94
0.59843,0.74921,0.8,95
0.60472,0.75233,0.8,96
0.61102,0.75536,0.8,97
0.61732,0.75829,0.8,98
0.62362,0.76111,0.8,99
0.62992,0.76384,0.8,100
0.63622,0.76647,0.8,101
0.64252,0.769,0.8,102
0.64882,0.77143,0.8,103
0.65512,0.77376,0.8,104
0.66142,0.77599,0.8,105
0.66772,0.77813,0.8,106
0.67402,0.78016,0.8,107
0.68031,0.78209,0.8,108
0.68661,0.78393,0.8,109
0.69291,0.78567,0.8,110
0.69921,0.7873,0.8,111
0.70551,0.78884,0.8,112
0.71181,0.79028,0.8,113
0.71811,0.79162,0.8,114
0.72441,0.79286,0.8,115
0.73071,0.794,0.8,116
0.73701,0.79504,0.8,117
0.74331,0.79598,0.8,118
0.74961,0.79683,0.8,119
0.75591,0.79757,0.8,120
0.7622,0.79821,0.8,121
0.7685,0.79876,0.8,122
0.7748,0.79921,0.8,123
0.7811,0.79955,0.8,124
0.7874,0.7998,0.8,125
0.7937,0.79995,0.8,126
0.8,0.8,0.8,127
0.8,0.8,0.8,128
0.8,0.79995,0.7937,129
0.8,0.7998,0.7874,130
0.8,0.79955,0.7811,131
0.8,0.79921,0.7748,132
0.8,0.79876,0.7685,133
0.8,0.79821,0.7622,134
0.8,0.79757,0.75591,135
0.8,0.79683,0.74961,136
0.8,0.79598,0.74331,137
0.8,0.79504,0.73701,138
0.8,0.794,0.73071,139
0.8,0.79286,0.72441,140
0.8,0.79162,0.71811,141
0.8,0.79028,0.71181,142
0.8,0.78884,0.70551,143
0.8,0.7873,0.69921,144
0.8,0.78567,0.69291,145
0.8,0.78393,0.68661,146
0.8,0.78209,0.68031,147
0.8,0.78016,0.67402,148
0.8,0.77813,0.66772,149
0.8,0.77599,0.66142,150
0.8,0.77376,0.65512,151
0.8,0.77143,0.64882,152
0.8,0.769,0.64252,153
0.8,0.76647,0.63622,154
0.8,0.76384,0.62992,155
0.8,0.76111,0.62362,156
0.8,0.75829,0.61732,157
0.8,0.75536,0.61102,158
0.8,0.75233,0.60472,159
0.8,0.74921,0.59843,160
0.8,0.74599,0.59213,161
0.8,0.74266,0.58583,162
0.8,0.73924,0.57953,163
0.8,0.73572,0.57323,164
0.8,0.7321,0.56693,165
0.8,0.72838,0.56063,166
0.8,0.72456,0.55433,167
0.8,0.72064,0.54803,168
0.8,0.71662,0.54173,169
0.8,0.71251,0.53543,170
0.8,0.70829,0.52913,171
0.8,0.70397,0.52283,172
0.8,0.69956,0.51654,173
0.8,0.69505,0.51024,174
0.8,0.69043,0.50394,175
0.8,0.68572,0.49764,176
0.8,0.68091,0.49134,177
0.8,0.676,0.48504,178
0.8,0.67099,0.47874,179
0.8,0.66588,0.47244,180
0.8,0.66067,0.46614,181
0.8,0.65537,0.45984,182
0.8,0.64996,0.45354,183
0.8,0.64445,0.44724,184
0.8,0.63885,0.44094,185
0.8,0.63315,0.43465,186
0.8,0.62734,0.42835,187
0.8,0.62144,0.42205,188
0.8,0.61544,0.41575,189
0.8,0.60934,0.40945,190
0.8,0.60314,0.40315,191
0.8,0.59684,0.39685,192
0.8,0.59044,0.39055,193
0.8,0.58394,0.38425,194
0.8,0.57735,0.37795,195
0.8,0.57065,0.37165,196
0.8,0.56385,0.36535,197
0.8,0.55696,0.35906,198
0.8,0.54997,0.35276,199
0.8,0.54287,0.34646,200
0.8,0.53568,0.34016,201
0.8,0.52839,0.33386,202
0.8,0.521,0.32756,203
0.8,0.51351,0.32126,204
0.8,0.50592,0.31496,205
0.8,0.49823,0.30866,206
0.8,0.49045,0.30236,207
0.8,0.48256,0.29606,208
0.8,0.47457,0.28976,209
0.8,0.46649,0.28346,210
0.8,0.4583,0.27717,211
0.8,0.45002,0.27087,212
0.8,0.44164,0.26457,213
0.8,0.43316,0.25827,214
0.8,0.42458,0.25197,215
0.8,0.4159,0.24567,216
0.8,0.40712,0.23937,217
0.8,0.39824,0.23307,218
0.8,0.38926,0.22677,219
0.8,0.38018,0.22047,220
0.8,0.37101,0.21417,221
0.8,0.36173,0.20787,222
0.8,0.35236,0.20157,223
0.8,0.34289,0.19528,224
0.8,0.33331,0.18898,225
0.8,0.32364,0.18268,226
0.8,0.31387,0.17638,227
0.8,0.304,0.17008,228
0.8,0.29403,0.16378,229
0.8,0.28396,0.15748,230
0.8,0.27379,0.15118,231
0.8,0.26353,0.14488,232
0.8,0.25316,0.13858,233
0.8,0.24269,0.13228,234
0.8,0.23213,0.12598,235
0.8,0.22146,0.11969,236
0.8,0.2107,0.11339,237
0.8,0.19984,0.10709,238
0.8,0.18888,0.10079,239
0.8,0.17782,0.094488,240
0.8,0.16666,0.088189,241
0.8,0.1554,0.08189,242
0.8,0.14404,0.075591,243
0.8,0.13258,0.069291,244
0.8,0.12102,0.062992,245
0.8,0.10937,0.056693,246
0.8,0.097613,0.050394,247
0.8,0.085759,0.044094,248
0.8,0.073805,0.037795,249
0.8,0.061752,0.031496,250
0.8,0.0496,0.025197,251
0.8,0.037349,0.018898,252
0.8,0.024998,0.012598,253
0.8,0.012549,0.0062992,254
0.8,0,0,255
