0,0,1,0
0.007874,0.015686,1,1
0.015748,0.031248,1,2
0.023622,0.046686,1,3
0.031496,0.062,1,4
0.03937,0.07719,1,5
0.047244,0.092256,1,6
0.055118,0.1072,1,7
0.062992,0.12202,1,8
0.070866,0.13671,1,9
0.07874,0.15128,1,10
0.086614,0.16573,1,11
0.094488,0.18005,1,12
0.10236,0.19425,1,13
0.11024,0.20832,1,14
0.11811,0.22227,1,15
0.12598,0.2361,1,16
0.13386,0.2498,1,17
0.14173,0.26338,1,18
0.14961,0.27683,1,19
0.15748,0.29016,1,20
0.16535,0.30337,1,21
0.17323,0.31645,1,22
0.1811,0.32941,1,23
0.18898,0.34224,1,24
0.19685,0.35495,1,25
0.20472,0.36754,1,26
0.2126,0.38,1,27
0.22047,0.39234,1,28
0.22835,0.40455,1,29
0.23622,0.41664,1,30
0.24409,0.42861,1,31
0.25197,0.44045,1,32
0.25984,0.45217,1,33
0.26772,0.46376,1,34
0.27559,0.47523,1,35
0.28346,0.48658,1,36
0.29134,0.4978,1,37
0.29921,0.5089,1,38
0.30709,0.51987,1,39
0.31496,0.53072,1,40
0.32283,0.54145,1,41
0.33071,0.55205,1,42
0.33858,0.56253,1,43
0.34646,0.57288,1,44
0.35433,0.58311,1,45
0.3622,0.59322,1,46
0.37008,0.6032,1,47
0.37795,0.61306,1,48
0.38583,0.62279,1,49
0.3937,0.6324,1,50
0.40157,0.64189,1,51
0.40945,0.65125,1,52
0.41732,0.66049,1,53
0.4252,0.6696,1,54
0.43307,0.67859,1,55
0.44094,0.68746,1,56
0.44882,0.6962,1,57
0.45669,0.70482,1,58
0.46457,0.71331,1,59
0.47244,0.72168,1,60
0.48031,0.72993,1,61
0.48819,0.73805,1,62
0.49606,0.74605,1,63
0.50394,0.75392,1,64
0.51181,0.76167,1,65
0.51969,0.7693,1,66
0.52756,0.7768,1,67
0.53543,0.78418,1,68
0.54331,0.79143,1,69
0.55118,0.79856,1,70
0.55906,0.80557,1,71
0.56693,0.81245,1,72
0.5748,0.81921,1,73
0.58268,0.82584,1,74
0.59055,0.83235,1,75
0.59843,0.83874,1,76
0.6063,0.845,1,77
0.61417,0.85114,1,78
0.62205,0.85715,1,79
0.62992,0.86304,1,80
0.6378,0.86881,1,81
0.64567,0.87445,1,82
0.65354,0.87997,1,83
0.66142,0.88536,1,84
0.66929,0.89063,1,85
0.67717,0.89578,1,86
0.68504,0.9008,1,87
0.69291,0.9057,1,88
0.70079,0.91047,1,89
0.70866,0.91512,1,90
0.71654,0.91965,1,91
0.72441,0.92405,1,92
0.73228,0.92833,1,93
0.74016,0.93248,1,94
0.74803,0.93651,1,95
0.75591,0.94042,1,96
0.76378,0.9442,1,97
0.77165,0.94786,1,98
0.77953,0.95139,1,99
0.7874,0.9548,1,100
0.79528,0.95809,1,101
0.80315,0.96125,1,102
0.81102,0.96429,1,103
0.8189,0.9672,1,104
0.82677,0.96999,1,105
0.83465,0.97266,1,106
0.84252,0.9752,1,107
0.85039,0.97762,1,108
0.85827,0.97991,1,109
0.86614,0.98208,1,110
0.87402,0.98413,1,111
0.88189,0.98605,1,112
0.88976,0.98785,1,113
0.89764,0.98952,1,114
0.90551,0.99107,1,115
0.91339,0.9925,1,116
0.92126,0.9938,1,117
0.92913,0.99498,1,118
0.93701,0.99603,1,119
0.94488,0.99696,1,120
0.95276,0.99777,1,121
0.96063,0.99845,1,122
0.9685,0.99901,1,123
0.97638,0.99944,1,124
0.98425,0.99975,1,125
0.99213,0.99994,1,126
1,1,1,127
1,1,1,128
1,0.99994,0.99213,129
1,0.99975,0.98425,130
1,0.99944,0.97638,131
1,0.99901,0.9685,132
1,0.99845,0.96063,133
1,0.99777,0.95276,134
1,0.99696,0.94488,135
1,0.99603,0.93701,136
1,0.99498,0.92913,137
1,0.9938,0.92126,138
1,0.9925,0.91339,139
1,0.99107,0.90551,140
1,0.98952,0.89764,141
1,0.98785,0.88976,142
1,0.98605,0.88189,143
1,0.98413,0.87402,144
1,0.98208,0.86614,145
1,0.97991,0.85827,146
1,0.97762,0.85039,147
1,0.9752,0.84252,148
1,0.97266,0.83465,149
1,0.96999,0.82677,150
1,0.9672,0.8189,151
1,0.96429,0.81102,152
1,0.96125,0.80315,153
1,0.95809,0.79528,154
1,0.9548,0.7874,155
1,0.95139,0.77953,156
1,0.94786,0.77165,157
1,0.9442,0.76378,158
1,0.94042,0.75591,159
1,0.93651,0.74803,160
1,0.93248,0.74016,161
1,0.92833,0.73228,162
1,0.92405,0.72441,163
1,0.91965,0.71654,164
1,0.91512,0.70866,165
1,0.91047,0.70079,166
1,0.9057,0.69291,167
1,0.9008,0.68504,168
1,0.89578,0.67717,169
1,0.89063,0.66929,170
1,0.88536,0.66142,171
1,0.87997,0.65354,172
1,0.87445,0.64567,173
1,0.86881,0.6378,174
1,0.86304,0.62992,175
1,0.85715,0.62205,176
1,0.85114,0.61417,177
1,0.845,0.6063,178
1,0.83874,0.59843,179
1,0.83235,0.59055,180
1,0.82584,0.58268,181
1,0.81921,0.5748,182
1,0.81245,0.56693,183
1,0.80557,0.55906,184
1,0.79856,0.55118,185
1,0.79143,0.54331,186
1,0.78418,0.53543,187
1,0.7768,0.52756,188
1,0.7693,0.51969,189
1,0.76167,0.51181,190
1,0.75392,0.50394,191
1,0.74605,0.49606,192
1,0.73805,0.48819,193
1,0.72993,0.48031,194
1,0.72168,0.47244,195
1,0.71331,0.46457,196
1,0.70482,0.45669,197
1,0.6962,0.44882,198
1,0.68746,0.44094,199
1,0.67859,0.43307,200
1,0.6696,0.4252,201
1,0.66049,0.41732,202
1,0.65125,0.40945,203
1,0.64189,0.40157,204
1,0.6324,0.3937,205
1,0.62279,0.38583,206
1,0.61306,0.37795,207
1,0.6032,0.37008,208
1,0.59322,0.3622,209
1,0.58311,0.35433,210
1,0.57288,0.34646,211
1,0.56253,0.33858,212
1,0.55205,0.33071,213
1,0.54145,0.32283,214
1,0.53072,0.31496,215
1,0.51987,0.30709,216
1,0.5089,0.29921,217
1,0.4978,0.29134,218
1,0.48658,0.28346,219
1,0.47523,0.27559,220
1,0.46376,0.26772,221
1,0.45217,0.25984,222
1,0.44045,0.25197,223
1,0.42861,0.24409,224
1,0.41664,0.23622,225
1,0.40455,0.22835,226
1,0.39234,0.22047,227
1,0.38,0.2126,228
1,0.36754,0.20472,229
1,0.35495,0.19685,230
1,0.34224,0.18898,231
1,0.32941,0.1811,232
1,0.31645,0.17323,233
1,0.30337,0.16535,234
1,0.29016,0.15748,235
1,0.27683,0.14961,236
1,0.26338,0.14173,237
1,0.2498,0.13386,238
1,0.2361,0.12598,239
1,0.22227,0.11811,240
1,0.20832,0.11024,241
1,0.19425,0.10236,242
1,0.18005,0.094488,243
1,0.16573,0.086614,244
1,0.15128,0.07874,245
1,0.13671,0.070866,246
1,0.12202,0.062992,247
1,0.1072,0.055118,248
1,0.092256,0.047244,249
1,0.07719,0.03937,250
1,0.062,0.031496,251
1,0.046686,0.023622,252
1,0.031248,0.015748,253
1,0.015686,0.007874,254
1,0,0,255
