0,0,0.4,0
0,0.0032357,0.41255,1
0,0.0066682,0.4251,2
0,0.010298,0.43765,3
0,0.014124,0.4502,4
0,0.018147,0.46275,5
0,0.022367,0.47529,6
0,0.026784,0.48784,7
0,0.031397,0.50039,8
0,0.036208,0.51294,9
0,0.041215,0.52549,10
0,0.046419,0.53804,11
0,0.05182,0.55059,12
0,0.057418,0.56314,13
0,0.063213,0.57569,14
0,0.069204,0.58824,15
0,0.075393,0.60078,16
0,0.081778,0.61333,17
0,0.08836,0.62588,18
0,0.095139,0.63843,19
0,0.10211,0.65098,20
0,0.10929,0.66353,21
0,0.11666,0.67608,22
0,0.12422,0.68863,23
0,0.13199,0.70118,24
0,0.13995,0.71373,25
0,0.1481,0.72627,26
0,0.15646,0.73882,27
0,0.16501,0.75137,28
0,0.17375,0.76392,29
0,0.1827,0.77647,30
0,0.19184,0.78902,31
0,0.20118,0.80157,32
0,0.21071,0.81412,33
0,0.22044,0.82667,34
0,0.23037,0.83922,35
0,0.2405,0.85176,36
0,0.25082,0.86431,37
0,0.26134,0.87686,38
0,0.27206,0.88941,39
0,0.28297,0.90196,40
0,0.29408,0.91451,41
0,0.30538,0.92706,42
0,0.31689,0.93961,43
0,0.32859,0.95216,44
0,0.34048,0.96471,45
0,0.35258,0.97725,46
0,0.36487,0.9898,47
0.0023529,0.37794,1,48
0.014902,0.39349,1,49
0.027451,0.40884,1,50
0.04,0.424,1,51
0.052549,0.43896,1,52
0.065098,0.45372,1,53
0.077647,0.46829,1,54
0.090196,0.48266,1,55
0.10275,0.49683,1,56
0.11529,0.51081,1,57
0.12784,0.52459,1,58
0.14039,0.53817,1,59
0.15294,0.55156,1,60
0.16549,0.56475,1,61
0.17804,0.57774,1,62
0.19059,0.59053,1,63
0.20314,0.60313,1,64
0.21569,0.61553,1,65
0.22824,0.62774,1,66
0.24078,0.63974,1,67
0.25333,0.65156,1,68
0.26588,0.66317,1,69
0.27843,0.67459,1,70
0.29098,0.68581,1,71
0.30353,0.69683,1,72
0.31608,0.70766,1,73
0.32863,0.71829,1,74
0.34118,0.72872,1,75
0.35373,0.73896,1,76
0.36627,0.749,1,77
0.37882,0.75884,1,78
0.39137,0.76848,1,79
0.40392,0.77793,1,80
0.41647,0.78718,1,81
0.42902,0.79624,1,82
0.44157,0.8051,1,83
0.45412,0.81376,1,84
0.46667,0.82222,1,85
0.47922,0.83049,1,86
0.49176,0.83856,1,87
0.50431,0.84643,1,88
0.51686,0.85411,1,89
0.52941,0.86159,1,90
0.54196,0.86888,1,91
0.55451,0.87596,1,92
0.56706,0.88285,1,93
0.57961,0.88954,1,94
0.59216,0.89604,1,95
0.60471,0.90234,1,96
0.61725,0.90844,1,97
0.6298,0.91435,1,98
0.64235,0.92006,1,99
0.6549,0.92557,1,100
0.66745,0.93088,1,101
0.68,0.936,1,102
0.69255,0.94092,1,103
0.7051,0.94565,1,104
0.71765,0.95017,1,105
0.7302,0.9545,1,106
0.74275,0.95864,1,107
0.75529,0.96257,1,108
0.76784,0.96631,1,109
0.78039,0.96986,1,110
0.79294,0.9732,1,111
0.80549,0.97635,1,112
0.81804,0.97931,1,113
0.83059,0.98206,1,114
0.84314,0.98462,1,115
0.85569,0.98698,1,116
0.86824,0.98915,1,117
0.88078,0.99112,1,118
0.89333,0.99289,1,119
0.90588,0.99446,1,120
0.91843,0.99584,1,121
0.93098,0.99702,1,122
0.94353,0.99801,1,123
0.95608,0.99879,1,124
0.96863,0.99938,1,125
0.98118,0.99978,1,126
0.99373,0.99998,1,127
1,0.99998,0.99373,128
1,0.99978,0.98118,129
1,0.99938,0.96863,130
1,0.99879,0.95608,131
1,0.99801,0.94353,132
1,0.99702,0.93098,133
1,0.99584,0.91843,134
1,0.99446,0.90588,135
1,0.99289,0.89333,136
1,0.99112,0.88078,137
1,0.98915,0.86824,138
1,0.98698,0.85569,139
1,0.98462,0.84314,140
1,0.98206,0.83059,141
1,0.97931,0.81804,142
1,0.97635,0.80549,143
1,0.9732,0.79294,144
1,0.96986,0.78039,145
1,0.96631,0.76784,146
1,0.96257,0.75529,147
1,0.95864,0.74275,148
1,0.9545,0.7302,149
1,0.95017,0.71765,150
1,0.94565,0.7051,151
1,0.94092,0.69255,152
1,0.936,0.68,153
1,0.93088,0.66745,154
1,0.92557,0.6549,155
1,0.92006,0.64235,156
1,0.91435,0.6298,157
1,0.90844,0.61725,158
1,0.90234,0.60471,159
1,0.89604,0.59216,160
1,0.88954,0.57961,161
1,0.88285,0.56706,162
1,0.87596,0.55451,163
1,0.86888,0.54196,164
1,0.86159,0.52941,165
1,0.85411,0.51686,166
1,0.84643,0.50431,167
1,0.83856,0.49176,168
1,0.83049,0.47922,169
1,0.82222,0.46667,170
1,0.81376,0.45412,171
1,0.8051,0.44157,172
1,0.79624,0.42902,173
1,0.78718,0.41647,174
1,0.77793,0.40392,175
1,0.76848,0.39137,176
1,0.75884,0.37882,177
1,0.749,0.36627,178
1,0.73896,0.35373,179
1,0.72872,0.34118,180
1,0.71829,0.32863,181
1,0.70766,0.31608,182
1,0.69683,0.30353,183
1,0.68581,0.29098,184
1,0.67459,0.27843,185
1,0.66317,0.26588,186
1,0.65156,0.25333,187
1,0.63974,0.24078,188
1,0.62774,0.22824,189
1,0.61553,0.21569,190
1,0.60313,0.20314,191
1,0.59053,0.19059,192
1,0.57774,0.17804,193
1,0.56475,0.16549,194
1,0.55156,0.15294,195
1,0.53817,0.14039,196
1,0.52459,0.12784,197
1,0.51081,0.11529,198
1,0.49683,0.10275,199
1,0.48266,0.090196,200
1,0.46829,0.077647,201
1,0.45372,0.065098,202
1,0.43896,0.052549,203
1,0.424,0.04,204
1,0.40884,0.027451,205
1,0.39349,0.014902,206
1,0.37794,0.0023529,207
0.9898,0.36487,0,208
0.97725,0.35258,0,209
0.96471,0.34048,0,210
0.95216,0.32859,0,211
0.93961,0.31689,0,212
0.92706,0.30538,0,213
0.91451,0.29408,0,214
0.90196,0.28297,0,215
0.88941,0.27206,0,216
0.87686,0.26134,0,217
0.86431,0.25082,0,218
0.85176,0.2405,0,219
0.83922,0.23037,0,220
0.82667,0.22044,0,221
0.81412,0.21071,0,222
0.80157,0.20118,0,223
0.78902,0.19184,0,224
0.77647,0.1827,0,225
0.76392,0.17375,0,226
0.75137,0.16501,0,227
0.73882,0.15646,0,228
0.72627,0.1481,0,229
0.71373,0.13995,0,230
0.70118,0.13199,0,231
0.68863,0.12422,0,232
0.67608,0.11666,0,233
0.66353,0.10929,0,234
0.65098,0.10211,0,235
0.63843,0.095139,0,236
0.62588,0.08836,0,237
0.61333,0.081778,0,238
0.60078,0.075393,0,239
0.58824,0.069204,0,240
0.57569,0.063213,0,241
0.56314,0.057418,0,242
0.55059,0.05182,0,243
0.53804,0.046419,0,244
0.52549,0.041215,0,245
0.51294,0.036208,0,246
0.50039,0.031397,0,247
0.48784,0.026784,0,248
0.47529,0.022367,0,249
0.46275,0.018147,0,250
0.4502,0.014124,0,251
0.43765,0.010298,0,252
0.4251,0.0066682,0,253
0.41255,0.0032357,0,254
0.4,0,0,255
