0,0,1,0
0.0039216,0.0039216,0.99608,1
0.0078431,0.0078431,0.99216,2
0.011765,0.011765,0.98824,3
0.015686,0.015686,0.98431,4
0.019608,0.019608,0.98039,5
0.023529,0.023529,0.97647,6
0.027451,0.027451,0.97255,7
0.031373,0.031373,0.96863,8
0.035294,0.035294,0.96471,9
0.039216,0.039216,0.96078,10
0.043137,0.043137,0.95686,11
0.047059,0.047059,0.95294,12
0.05098,0.05098,0.94902,13
0.054902,0.054902,0.9451,14
0.058824,0.058824,0.94118,15
0.062745,0.062745,0.93725,16
0.066667,0.066667,0.93333,17
0.070588,0.070588,0.92941,18
0.07451,0.07451,0.92549,19
0.078431,0.078431,0.92157,20
0.082353,0.082353,0.91765,21
0.086275,0.086275,0.91373,22
0.090196,0.090196,0.9098,23
0.094118,0.094118,0.90588,24
0.098039,0.098039,0.90196,25
0.10196,0.10196,0.89804,26
0.10588,0.10588,0.89412,27
0.1098,0.1098,0.8902,28
0.11373,0.11373,0.88627,29
0.11765,0.11765,0.88235,30
0.12157,0.12157,0.87843,31
0.12549,0.12549,0.87451,32
0.12941,0.12941,0.87059,33
0.13333,0.13333,0.86667,34
0.13725,0.13725,0.86275,35
0.14118,0.14118,0.85882,36
0.1451,0.1451,0.8549,37
0.14902,0.14902,0.85098,38
0.15294,0.15294,0.84706,39
0.15686,0.15686,0.84314,40
0.16078,0.16078,0.83922,41
0.16471,0.16471,0.83529,42
0.16863,0.16863,0.83137,43
0.17255,0.17255,0.82745,44
0.17647,0.17647,0.82353,45
0.18039,0.18039,0.81961,46
0.18431,0.18431,0.81569,47
0.18824,0.18824,0.81176,48
0.19216,0.19216,0.80784,49
0.19608,0.19608,0.80392,50
0.2,0.2,0.8,51
0.20392,0.20392,0.79608,52
0.20784,0.20784,0.79216,53
0.21176,0.21176,0.78824,54
0.21569,0.21569,0.78431,55
0.21961,0.21961,0.78039,56
0.22353,0.22353,0.77647,57
0.22745,0.22745,0.77255,58
0.23137,0.23137,0.76863,59
0.23529,0.23529,0.76471,60
0.23922,0.23922,0.76078,61
0.24314,0.24314,0.75686,62
0.24706,0.24706,0.75294,63
0.25098,0.25098,0.74902,64
0.2549,0.2549,0.7451,65
0.25882,0.25882,0.74118,66
0.26275,0.26275,0.73725,67
0.26667,0.26667,0.73333,68
0.27059,0.27059,0.72941,69
0.27451,0.27451,0.72549,70
0.27843,0.27843,0.72157,71
0.28235,0.28235,0.71765,72
0.28627,0.28627,0.71373,73
0.2902,0.2902,0.7098,74
0.29412,0.29412,0.70588,75
0.29804,0.29804,0.70196,76
0.30196,0.30196,0.69804,77
0.30588,0.30588,0.69412,78
0.3098,0.3098,0.6902,79
0.31373,0.31373,0.68627,80
0.31765,0.31765,0.68235,81
0.32157,0.32157,0.67843,82
0.32549,0.32549,0.67451,83
0.32941,0.32941,0.67059,84
0.33333,0.33333,0.66667,85
0.33725,0.33725,0.66275,86
0.34118,0.34118,0.65882,87
0.3451,0.3451,0.6549,88
0.34902,0.34902,0.65098,89
0.35294,0.35294,0.64706,90
0.35686,0.35686,0.64314,91
0.36078,0.36078,0.63922,92
0.36471,0.36471,0.63529,93
0.36863,0.36863,0.63137,94
0.37255,0.37255,0.62745,95
0.37647,0.37647,0.62353,96
0.38039,0.38039,0.61961,97
0.38431,0.38431,0.61569,98
0.38824,0.38824,0.61176,99
0.39216,0.39216,0.60784,100
0.39608,0.39608,0.60392,101
0.4,0.4,0.6,102
0.40392,0.40392,0.59608,103
0.40784,0.40784,0.59216,104
0.41176,0.41176,0.58824,105
0.41569,0.41569,0.58431,106
0.41961,0.41961,0.58039,107
0.42353,0.42353,0.57647,108
0.42745,0.42745,0.57255,109
0.43137,0.43137,0.56863,110
0.43529,0.43529,0.56471,111
0.43922,0.43922,0.56078,112
0.44314,0.44314,0.55686,113
0.44706,0.44706,0.55294,114
0.45098,0.45098,0.54902,115
0.4549,0.4549,0.5451,116
0.45882,0.45882,0.54118,117
0.46275,0.46275,0.53725,118
0.46667,0.46667,0.53333,119
0.47059,0.47059,0.52941,120
0.47451,0.47451,0.52549,121
0.47843,0.47843,0.52157,122
0.48235,0.48235,0.51765,123
0.48627,0.48627,0.51373,124
0.4902,0.4902,0.5098,125
0.49412,0.49412,0.50588,126
0.49804,0.49804,0.50196,127
0.50196,0.49804,0.49804,128
0.50588,0.49412,0.49412,129
0.5098,0.4902,0.4902,130
0.51373,0.48627,0.48627,131
0.51765,0.48235,0.48235,132
0.52157,0.47843,0.47843,133
0.52549,0.47451,0.47451,134
0.52941,0.47059,0.47059,135
0.53333,0.46667,0.46667,136
0.53725,0.46275,0.46275,137
0.54118,0.45882,0.45882,138
0.5451,0.4549,0.4549,139
0.54902,0.45098,0.45098,140
0.55294,0.44706,0.44706,141
0.55686,0.44314,0.44314,142
0.56078,0.43922,0.43922,143
0.56471,0.43529,0.43529,144
0.56863,0.43137,0.43137,145
0.57255,0.42745,0.42745,146
0.57647,0.42353,0.42353,147
0.58039,0.41961,0.41961,148
0.58431,0.41569,0.41569,149
0.58824,0.41176,0.41176,150
0.59216,0.40784,0.40784,151
0.59608,0.40392,0.40392,152
0.6,0.4,0.4,153
0.60392,0.39608,0.39608,154
0.60784,0.39216,0.39216,155
0.61176,0.38824,0.38824,156
0.61569,0.38431,0.38431,157
0.61961,0.38039,0.38039,158
0.62353,0.37647,0.37647,159
0.62745,0.37255,0.37255,160
0.63137,0.36863,0.36863,161
0.63529,0.36471,0.36471,162
0.63922,0.36078,0.36078,163
0.64314,0.35686,0.35686,164
0.64706,0.35294,0.35294,165
0.65098,0.34902,0.34902,166
0.6549,0.3451,0.3451,167
0.65882,0.34118,0.34118,168
0.66275,0.33725,0.33725,169
0.66667,0.33333,0.33333,170
0.67059,0.32941,0.32941,171
0.67451,0.32549,0.32549,172
0.67843,0.32157,0.32157,173
0.68235,0.31765,0.31765,174
0.68627,0.31373,0.31373,175
0.6902,0.3098,0.3098,176
0.69412,0.30588,0.30588,177
0.69804,0.30196,0.30196,178
0.70196,0.29804,0.29804,179
0.70588,0.29412,0.29412,180
0.7098,0.2902,0.2902,181
0.71373,0.28627,0.28627,182
0.71765,0.28235,0.28235,183
0.72157,0.27843,0.27843,184
0.72549,0.27451,0.27451,185
0.72941,0.27059,0.27059,186
0.73333,0.26667,0.26667,187
0.73725,0.26275,0.26275,188
0.74118,0.25882,0.25882,189
0.7451,0.2549,0.2549,190
0.74902,0.25098,0.25098,191
0.75294,0.24706,0.24706,192
0.75686,0.24314,0.24314,193
0.76078,0.23922,0.23922,194
0.76471,0.23529,0.23529,195
0.76863,0.23137,0.23137,196
0.77255,0.22745,0.22745,197
0.77647,0.22353,0.22353,198
0.78039,0.21961,0.21961,199
0.78431,0.21569,0.21569,200
0.78824,0.21176,0.21176,201
0.79216,0.20784,0.20784,202
0.79608,0.20392,0.20392,203
0.8,0.2,0.2,204
0.80392,0.19608,0.19608,205
0.80784,0.19216,0.19216,206
0.81176,0.18824,0.18824,207
0.81569,0.18431,0.18431,208
0.81961,0.18039,0.18039,209
0.82353,0.17647,0.17647,210
0.82745,0.17255,0.17255,211
0.83137,0.16863,0.16863,212
0.83529,0.16471,0.16471,213
0.83922,0.16078,0.16078,214
0.84314,0.15686,0.15686,215
0.84706,0.15294,0.15294,216
0.85098,0.14902,0.14902,217
0.8549,0.1451,0.1451,218
0.85882,0.14118,0.14118,219
0.86275,0.13725,0.13725,220
0.86667,0.13333,0.13333,221
0.87059,0.12941,0.12941,222
0.87451,0.12549,0.12549,223
0.87843,0.12157,0.12157,224
0.88235,0.11765,0.11765,225
0.88627,0.11373,0.11373,226
0.8902,0.1098,0.1098,227
0.89412,0.10588,0.10588,228
0.89804,0.10196,0.10196,229
0.90196,0.098039,0.098039,230
0.90588,0.094118,0.094118,231
0.9098,0.090196,0.090196,232
0.91373,0.086275,0.086275,233
0.91765,0.082353,0.082353,234
0.92157,0.078431,0.078431,235
0.92549,0.07451,0.07451,236
0.92941,0.070588,0.070588,237
0.93333,0.066667,0.066667,238
0.93725,0.062745,0.062745,239
0.94118,0.058824,0.058824,240
0.9451,0.054902,0.054902,241
0.94902,0.05098,0.05098,242
0.95294,0.047059,0.047059,243
0.95686,0.043137,0.043137,244
0.96078,0.039216,0.039216,245
0.96471,0.035294,0.035294,246
0.96863,0.031373,0.031373,247
0.97255,0.027451,0.027451,248
0.97647,0.023529,0.023529,249
0.98039,0.019608,0.019608,250
0.98431,0.015686,0.015686,251
0.98824,0.011765,0.011765,252
0.99216,0.0078431,0.0078431,253
0.99608,0.0039216,0.0039216,254
1,0,0,255
